,start,stop
0,0.443125,0.523125
1,0.8322916666666667,0.9122916666666666
2,0.9702083333333333,1.0502083333333334
3,1.1952083333333332,1.2752083333333333
4,1.3664583333333333,1.4464583333333334
5,1.5585416666666667,1.6385416666666668
6,1.7439583333333333,1.8239583333333333
7,1.8622916666666667,1.9422916666666667
8,2.043125,2.123125
9,2.195625,2.2756250000000002
10,2.4564583333333334,2.5364583333333335
11,2.8539583333333334,2.9339583333333334
12,3.294791666666667,3.374791666666667
13,3.4072916666666666,3.4872916666666667
14,3.688125,3.768125
15,3.819375,3.899375
16,4.074375000000001,4.154375000000001
17,4.701875,4.781875
18,4.832291666666667,4.912291666666667
19,4.974375,5.054375
20,5.140625,5.220625
21,5.349375,5.429375
22,5.501875,5.581875
23,5.658541666666667,5.738541666666667
24,5.805625,5.885625
25,5.953541666666667,6.033541666666667
26,6.167291666666667,6.247291666666667
27,6.418541666666667,6.498541666666667
28,6.569791666666667,6.649791666666667
29,6.9506250000000005,7.030625000000001
30,7.093125000000001,7.173125000000001
31,7.345625,7.425625
32,7.5860416666666675,7.6660416666666675
33,7.821458333333334,7.901458333333334
34,8.181041666666667,8.261041666666667
35,8.333125,8.413125
36,8.527291666666667,8.607291666666667
37,8.641041666666666,8.721041666666666
38,8.816875,8.896875
39,9.124375,9.204375
40,9.367708333333335,9.447708333333335
41,9.754791666666668,9.834791666666668
42,9.961875000000001,10.041875000000001
43,10.103125,10.183125
44,10.336458333333335,10.416458333333335
45,10.511458333333334,10.591458333333334
46,11.018958333333334,11.098958333333334
47,11.165625,11.245625
48,11.558958333333333,11.638958333333333
49,11.746041666666667,11.826041666666667
50,11.964375,12.044375
51,12.328125,12.408125
52,12.481875,12.561875
53,13.005625,13.085625
54,13.181458333333333,13.261458333333334
55,13.517708333333333,13.597708333333333
56,13.646458333333333,13.726458333333333
57,13.848541666666668,13.928541666666668
58,14.098541666666668,14.178541666666668
59,14.240625,14.320625
60,14.365208333333333,14.445208333333333
61,14.541041666666667,14.621041666666667
62,14.788958333333333,14.868958333333333
63,14.927291666666667,15.007291666666667
64,15.068958333333335,15.148958333333335
65,15.332708333333334,15.412708333333335
66,15.580208333333333,15.660208333333333
67,15.723958333333334,15.803958333333334
68,15.868958333333333,15.948958333333334
69,15.986875000000001,16.066875
70,16.238958333333333,16.31895833333333
71,16.429791666666667,16.509791666666665
72,16.907291666666666,16.987291666666664
73,17.068125000000002,17.148125
74,17.258125,17.338124999999998
75,17.878541666666667,17.958541666666665
76,18.018541666666668,18.098541666666666
77,18.20104166666667,18.281041666666667
78,18.421041666666667,18.501041666666666
79,18.591875,18.671875
80,18.836875,18.916874999999997
81,19.024375,19.104374999999997
82,19.187291666666667,19.267291666666665
83,19.440625,19.520625
84,19.683958333333333,19.76395833333333
85,19.857708333333335,19.937708333333333
86,20.021458333333335,20.101458333333333
87,20.159375,20.239375
88,20.331875,20.411875
89,20.523541666666667,20.603541666666665
90,20.656875,20.736874999999998
91,20.824375,20.904374999999998
92,21.536041666666666,21.616041666666664
93,21.914791666666666,21.994791666666664
94,22.169375,22.249374999999997
95,22.307291666666668,22.387291666666666
96,22.471041666666668,22.551041666666666
97,22.605208333333334,22.685208333333332
98,22.721458333333334,22.801458333333333
99,23.015208333333334,23.095208333333332
100,23.243958333333335,23.323958333333334
101,23.400208333333335,23.480208333333334
102,23.623541666666668,23.703541666666666
103,23.754791666666666,23.834791666666664
104,24.077291666666667,24.157291666666666
105,24.20854166666667,24.288541666666667
106,24.376458333333332,24.45645833333333
107,24.548125,24.628124999999997
108,24.679791666666667,24.759791666666665
109,24.79479166666667,24.874791666666667
110,25.056875,25.136875
111,25.179791666666667,25.259791666666665
112,25.411041666666666,25.491041666666664
113,25.599375000000002,25.679375
114,25.989375,26.069374999999997
115,26.174791666666668,26.254791666666666
116,26.429375,26.509375
117,26.561041666666668,26.641041666666666
118,26.703958333333333,26.78395833333333
119,26.864375,26.944374999999997
120,27.069791666666667,27.149791666666665
121,27.327291666666667,27.407291666666666
122,27.613958333333333,27.69395833333333
123,27.750625,27.830624999999998
124,27.938541666666666,28.018541666666664
125,28.080208333333335,28.160208333333333
126,28.345625000000002,28.425625
127,28.564375000000002,28.644375
128,28.706458333333334,28.786458333333332
129,28.881458333333335,28.961458333333333
130,29.034791666666667,29.114791666666665
131,29.178125,29.258125
132,29.843958333333333,29.92395833333333
133,29.97479166666667,30.054791666666667
134,30.217708333333334,30.297708333333333
135,30.397708333333334,30.477708333333332
136,30.551458333333333,30.63145833333333
137,30.676041666666666,30.756041666666665
138,30.966875,31.046875
139,31.124791666666667,31.204791666666665
140,31.243958333333335,31.323958333333334
141,31.424375,31.504375
142,31.699791666666666,31.779791666666664
143,31.844375,31.924374999999998
144,32.346041666666665,32.42604166666666
145,32.47479166666666,32.55479166666666
146,32.633541666666666,32.713541666666664
147,32.75020833333333,32.83020833333333
148,33.11395833333333,33.19395833333333
149,33.42520833333333,33.50520833333333
150,33.563541666666666,33.643541666666664
151,33.72354166666666,33.80354166666666
152,33.970625,34.050625
153,34.258125,34.338125
154,34.620625,34.700624999999995
155,34.801874999999995,34.881874999999994
156,34.945625,35.025625
157,35.480624999999996,35.560624999999995
158,35.70895833333333,35.788958333333326
159,35.953541666666666,36.033541666666665
160,36.19270833333333,36.27270833333333
161,36.32895833333333,36.40895833333333
162,36.446875,36.526875
163,36.62395833333333,36.703958333333325
164,36.76770833333333,36.84770833333333
165,36.91104166666666,36.99104166666666
166,37.121874999999996,37.201874999999994
167,37.26020833333333,37.34020833333333
168,37.55854166666666,37.63854166666666
169,37.83229166666666,37.91229166666666
170,38.008125,38.088125
171,38.263124999999995,38.34312499999999
172,38.454375,38.534375
173,38.612291666666664,38.69229166666666
174,39.24229166666667,39.322291666666665
175,39.49020833333333,39.570208333333326
176,39.703125,39.783125
177,39.879374999999996,39.959374999999994
178,40.03270833333333,40.11270833333333
179,40.164375,40.244375
180,40.346875,40.426874999999995
181,40.464375,40.544374999999995
182,40.63145833333333,40.711458333333326
183,40.75270833333333,40.83270833333333
184,41.210625,41.290625
185,41.516875,41.596875
186,41.801874999999995,41.881874999999994
187,42.12854166666666,42.20854166666666
188,42.369791666666664,42.44979166666666
189,42.55354166666666,42.63354166666666
190,42.701874999999994,42.78187499999999
191,42.83354166666666,42.91354166666666
192,42.98229166666666,43.06229166666666
193,43.432291666666664,43.51229166666666
194,43.693124999999995,43.77312499999999
195,43.830625,43.910624999999996
196,43.95229166666666,44.03229166666666
197,44.13770833333333,44.21770833333333
198,44.25354166666666,44.33354166666666
199,44.56395833333333,44.64395833333333
200,44.77770833333333,44.85770833333333
201,45.47604166666666,45.55604166666666
202,45.781875,45.861875
203,45.891875,45.971875
204,46.01354166666666,46.09354166666666
205,46.282291666666666,46.362291666666664
206,46.49937499999999,46.57937499999999
207,46.868125,46.948125
208,47.19479166666666,47.27479166666666
209,47.34895833333333,47.42895833333333
210,47.48104166666666,47.56104166666666
211,47.645624999999995,47.725624999999994
212,47.923541666666665,48.00354166666666
213,48.08395833333333,48.163958333333326
214,48.19645833333333,48.27645833333333
215,48.449374999999996,48.529374999999995
216,48.62520833333333,48.70520833333333
217,48.73770833333333,48.81770833333333
218,48.93604166666666,49.01604166666666
219,49.06895833333333,49.148958333333326
220,49.933125,50.013124999999995
221,50.071041666666666,50.151041666666664
222,50.25020833333333,50.33020833333333
223,50.426874999999995,50.506874999999994
224,50.538124999999994,50.61812499999999
225,50.711875,50.791875
226,50.914791666666666,50.994791666666664
227,51.026875,51.106874999999995
228,51.220625,51.300625
229,51.41104166666666,51.49104166666666
230,51.532291666666666,51.612291666666664
231,51.658125,51.738125
232,51.97645833333333,52.05645833333333
233,52.260625,52.340624999999996
234,52.45895833333333,52.538958333333326
235,52.776875,52.856874999999995
236,52.884791666666665,52.96479166666666
237,53.03145833333333,53.11145833333333
238,53.213125,53.293124999999996
239,53.33229166666666,53.41229166666666
240,53.48979166666666,53.56979166666666
241,53.641041666666666,53.721041666666665
242,53.829791666666665,53.90979166666666
243,53.98354166666666,54.06354166666666
244,54.72229166666666,54.80229166666666
245,54.83604166666667,54.916041666666665
246,54.994791666666664,55.07479166666666
247,55.103125,55.183125
248,55.23770833333333,55.31770833333333
249,55.34979166666666,55.42979166666666
250,55.635625,55.715624999999996
251,55.77895833333333,55.85895833333333
252,56.086875,56.166875
253,56.298125,56.378125
254,56.441874999999996,56.521874999999994
255,56.75270833333333,56.83270833333333
256,57.15354166666666,57.23354166666666
257,57.45645833333333,57.53645833333333
258,57.70895833333333,57.788958333333326
259,57.846041666666665,57.92604166666666
260,57.983124999999994,58.06312499999999
261,58.179375,58.259375
262,58.401875,58.481874999999995
263,58.65020833333333,58.73020833333333
264,59.105624999999996,59.185624999999995
265,59.27270833333333,59.352708333333325
266,59.59145833333333,59.67145833333333
267,59.946875,60.026875
268,60.31645833333333,60.39645833333333
269,60.494791666666664,60.57479166666666
270,60.657291666666666,60.737291666666664
271,60.93729166666667,61.017291666666665
272,61.21854166666667,61.298541666666665
273,61.58520833333333,61.665208333333325
274,61.84729166666666,61.92729166666666
275,62.14895833333333,62.22895833333333
276,62.29604166666666,62.37604166666666
277,62.46895833333333,62.54895833333333
278,62.65270833333333,62.73270833333333
