,start,stop
0,1.1635416666666667,1.2435416666666668
1,1.3197916666666667,1.3997916666666668
2,1.485625,1.565625
3,1.689375,1.7693750000000001
4,1.8102083333333334,1.8902083333333335
5,2.2197916666666666,2.2997916666666667
6,2.361458333333333,2.4414583333333333
7,2.6010416666666667,2.6810416666666668
8,2.8289583333333335,2.9089583333333335
9,3.314375,3.394375
10,3.551875,3.631875
11,3.9964583333333334,4.076458333333333
12,4.114375000000001,4.194375000000001
13,4.299791666666667,4.379791666666667
14,4.520625000000001,4.600625000000001
15,4.7231250000000005,4.8031250000000005
16,4.943125,5.023125
17,5.164375000000001,5.244375000000001
18,5.317291666666667,5.397291666666667
19,5.817708333333334,5.897708333333334
20,5.985625000000001,6.065625000000001
21,6.168125000000001,6.248125000000001
22,6.425625,6.505625
23,6.614791666666667,6.694791666666667
24,6.8602083333333335,6.9402083333333335
25,7.098541666666667,7.178541666666667
26,7.351458333333333,7.4314583333333335
27,7.722291666666667,7.802291666666667
28,7.864791666666667,7.944791666666667
29,8.102708333333334,8.182708333333334
30,8.233958333333334,8.313958333333334
31,8.388541666666667,8.468541666666667
32,8.576458333333333,8.656458333333333
33,8.693958333333335,8.773958333333335
34,8.832708333333334,8.912708333333335
35,9.096041666666666,9.176041666666666
36,9.378541666666667,9.458541666666667
37,9.534375,9.614375
38,9.715208333333333,9.795208333333333
39,9.891458333333334,9.971458333333334
40,10.028125000000001,10.108125000000001
41,10.142708333333333,10.222708333333333
42,10.281875000000001,10.361875000000001
43,10.422708333333334,10.502708333333334
44,10.844791666666667,10.924791666666668
45,11.022291666666668,11.102291666666668
46,11.222708333333333,11.302708333333333
47,11.427708333333333,11.507708333333333
48,11.616458333333334,11.696458333333334
49,11.731875,11.811875
50,12.398125,12.478125
51,12.612291666666668,12.692291666666668
52,12.750208333333333,12.830208333333333
53,12.901458333333334,12.981458333333334
54,13.101041666666667,13.181041666666667
55,13.404375,13.484375
56,13.541875000000001,13.621875000000001
57,14.257291666666667,14.337291666666667
58,14.362291666666668,14.442291666666668
59,14.644791666666666,14.724791666666667
60,14.821875,14.901875
61,15.184375000000001,15.264375000000001
62,15.317708333333334,15.397708333333334
63,15.464791666666667,15.544791666666667
64,15.575208333333334,15.655208333333334
65,15.730208333333334,15.810208333333334
66,15.970625,16.050625
67,16.300625,16.380625
68,16.408958333333334,16.488958333333333
69,16.590625,16.670624999999998
70,16.729375,16.809375
71,16.936875,17.016875
72,17.196458333333332,17.27645833333333
73,17.818958333333335,17.898958333333333
74,18.05229166666667,18.132291666666667
75,18.300208333333334,18.380208333333332
76,18.561875,18.641875
77,18.691041666666667,18.771041666666665
78,18.864375,18.944374999999997
79,19.031041666666667,19.111041666666665
80,19.185208333333335,19.265208333333334
81,19.337708333333335,19.417708333333334
82,19.556041666666665,19.636041666666664
83,19.762291666666666,19.842291666666664
84,19.873541666666668,19.953541666666666
85,20.139791666666667,20.219791666666666
86,20.914791666666666,20.994791666666664
87,21.05229166666667,21.132291666666667
88,21.185625,21.265625
89,21.714375,21.794375
90,21.903125,21.983124999999998
91,22.012291666666666,22.092291666666664
92,22.124375,22.204375
93,22.293541666666666,22.373541666666664
94,22.420625,22.500625
95,22.669375,22.749374999999997
96,22.791875,22.871875
97,23.112708333333334,23.192708333333332
98,23.281875,23.361874999999998
99,23.411875000000002,23.491875
100,23.841041666666666,23.921041666666664
101,23.965625,24.045624999999998
102,24.106458333333332,24.18645833333333
103,24.237708333333334,24.317708333333332
104,24.356875,24.436874999999997
105,24.730625,24.810624999999998
106,24.838958333333334,24.918958333333332
107,25.007291666666667,25.087291666666665
108,25.243125,25.323124999999997
109,25.403125,25.483124999999998
110,25.564375000000002,25.644375
111,25.697708333333335,25.777708333333333
112,25.958125,26.038124999999997
113,26.071458333333332,26.15145833333333
114,26.262291666666666,26.342291666666664
115,26.483125,26.563125
116,26.682708333333334,26.762708333333332
117,26.886458333333334,26.966458333333332
118,27.051041666666666,27.131041666666665
119,27.175625,27.255625
120,27.939791666666668,28.019791666666666
121,28.087291666666665,28.167291666666664
122,28.254375,28.334374999999998
123,28.499791666666667,28.579791666666665
124,28.846458333333334,28.926458333333333
125,29.023125,29.103125
126,29.160208333333333,29.24020833333333
127,29.412708333333335,29.492708333333333
128,29.619791666666668,29.699791666666666
129,29.846041666666668,29.926041666666666
130,30.11104166666667,30.191041666666667
131,30.334791666666668,30.414791666666666
132,30.528958333333335,30.608958333333334
133,30.676458333333333,30.75645833333333
134,30.793958333333332,30.87395833333333
135,31.01354166666667,31.093541666666667
136,31.216875,31.296875
137,31.534791666666667,31.614791666666665
138,31.778541666666666,31.858541666666664
139,31.904791666666668,31.984791666666666
140,32.075624999999995,32.15562499999999
141,32.28520833333333,32.36520833333333
142,32.42104166666666,32.50104166666666
143,32.56145833333333,32.641458333333325
144,32.70729166666666,32.78729166666666
145,32.896874999999994,32.97687499999999
146,33.01145833333333,33.09145833333333
147,33.19145833333333,33.27145833333333
148,33.324374999999996,33.404374999999995
149,33.55854166666666,33.63854166666666
150,33.68145833333333,33.76145833333333
151,33.806041666666665,33.886041666666664
152,33.95979166666666,34.03979166666666
153,34.16354166666666,34.24354166666666
154,34.33354166666666,34.41354166666666
155,34.55229166666666,34.63229166666666
156,34.83479166666666,34.91479166666666
157,34.98229166666666,35.06229166666666
158,35.295624999999994,35.37562499999999
159,35.48020833333333,35.56020833333333
160,35.619791666666664,35.69979166666666
161,35.75604166666666,35.83604166666666
162,36.056875,36.136874999999996
163,36.205625,36.285624999999996
164,36.323125,36.403124999999996
165,36.479375,36.559374999999996
166,36.68479166666666,36.76479166666666
167,36.80020833333333,36.88020833333333
168,36.946875,37.026875
169,37.15770833333333,37.23770833333333
170,37.352291666666666,37.432291666666664
171,37.508541666666666,37.588541666666664
172,37.636041666666664,37.71604166666666
173,38.08354166666666,38.16354166666666
174,38.26354166666666,38.34354166666666
175,38.611875,38.691874999999996
176,38.769375,38.849374999999995
177,38.948125,39.028124999999996
178,39.09520833333333,39.17520833333333
179,40.02895833333333,40.10895833333333
180,40.17770833333333,40.257708333333326
181,40.47270833333333,40.55270833333333
182,40.703125,40.783125
183,40.831875,40.911874999999995
184,41.073125,41.153124999999996
185,41.219375,41.299375
186,41.35270833333333,41.43270833333333
187,41.491875,41.571875
188,41.626041666666666,41.706041666666664
189,41.79270833333333,41.87270833333333
190,42.04520833333333,42.125208333333326
191,42.24270833333333,42.32270833333333
192,42.498124999999995,42.57812499999999
193,42.64895833333333,42.72895833333333
194,43.171458333333334,43.25145833333333
195,43.318124999999995,43.39812499999999
196,43.67729166666666,43.75729166666666
197,43.96604166666666,44.04604166666666
198,44.256874999999994,44.33687499999999
199,44.43145833333333,44.51145833333333
200,44.99937499999999,45.07937499999999
201,45.182291666666664,45.26229166666666
202,45.416875,45.496874999999996
203,45.673125,45.753125
204,45.78854166666666,45.86854166666666
205,46.09854166666666,46.17854166666666
206,46.30104166666666,46.38104166666666
207,46.675625,46.755624999999995
208,46.89729166666666,46.97729166666666
209,47.035624999999996,47.115624999999994
210,47.383541666666666,47.463541666666664
211,47.65354166666666,47.73354166666666
212,47.825624999999995,47.90562499999999
213,47.97770833333333,48.05770833333333
214,48.12354166666666,48.20354166666666
215,48.28645833333333,48.36645833333333
216,48.401041666666664,48.48104166666666
217,48.80354166666666,48.88354166666666
218,49.12979166666666,49.20979166666666
219,49.32645833333333,49.406458333333326
220,49.481874999999995,49.56187499999999
221,49.609791666666666,49.689791666666665
222,49.82645833333333,49.906458333333326
223,49.95020833333333,50.03020833333333
224,50.208124999999995,50.288124999999994
225,50.33354166666666,50.41354166666666
226,50.80229166666666,50.88229166666666
227,51.02395833333333,51.10395833333333
228,51.608958333333334,51.68895833333333
229,51.75645833333333,51.836458333333326
230,52.000625,52.080625
231,52.224374999999995,52.30437499999999
232,52.43354166666666,52.51354166666666
233,52.60645833333333,52.68645833333333
234,52.921458333333334,53.00145833333333
235,53.071041666666666,53.151041666666664
236,53.494791666666664,53.57479166666666
237,53.641041666666666,53.721041666666665
238,53.80395833333333,53.883958333333325
239,53.980624999999996,54.060624999999995
240,54.15270833333333,54.23270833333333
241,54.391041666666666,54.471041666666665
242,54.601875,54.681875
243,54.88895833333333,54.968958333333326
244,55.06854166666666,55.14854166666666
245,55.214375,55.294374999999995
246,55.35854166666666,55.43854166666666
247,55.479375,55.559374999999996
248,55.59729166666666,55.67729166666666
249,55.765208333333334,55.84520833333333
250,56.22645833333333,56.30645833333333
251,56.351875,56.431875
252,56.49395833333333,56.57395833333333
253,57.08479166666666,57.16479166666666
254,57.37645833333333,57.45645833333333
255,57.58770833333333,57.66770833333333
256,57.85104166666666,57.93104166666666
257,57.960625,58.040625
