,start,stop
0,0.44479166666666664,0.5247916666666667
1,0.8039583333333333,0.8839583333333333
2,0.9652083333333333,1.0452083333333333
3,1.0985416666666667,1.1785416666666668
4,1.279375,1.359375
5,1.5239583333333333,1.6039583333333334
6,1.6989583333333333,1.7789583333333334
7,1.8247916666666666,1.9047916666666667
8,2.082708333333333,2.1627083333333332
9,2.2022916666666665,2.2822916666666666
10,2.430625,2.510625
11,2.591458333333333,2.6714583333333333
12,2.8560416666666666,2.9360416666666667
13,3.1085416666666665,3.1885416666666666
14,3.2564583333333332,3.3364583333333333
15,3.4235416666666665,3.5035416666666666
16,3.5585416666666667,3.638541666666667
17,3.685208333333333,3.7652083333333333
18,4.2910416666666675,4.371041666666668
19,4.6485416666666675,4.7285416666666675
20,4.863125,4.943125
21,5.003958333333334,5.083958333333334
22,5.588958333333334,5.668958333333334
23,5.717708333333333,5.7977083333333335
24,5.866041666666667,5.946041666666667
25,6.082291666666667,6.162291666666667
26,6.315625000000001,6.395625000000001
27,6.480208333333334,6.560208333333334
28,6.618541666666667,6.698541666666667
29,6.795625,6.875625
30,6.958541666666667,7.038541666666667
31,7.087291666666667,7.167291666666667
32,7.214375,7.2943750000000005
33,7.683958333333334,7.763958333333334
34,7.883958333333334,7.963958333333334
35,8.037291666666667,8.117291666666667
36,8.194791666666667,8.274791666666667
37,8.366041666666668,8.446041666666668
38,8.841875,8.921875
39,9.210625,9.290625
40,9.321041666666668,9.401041666666668
41,9.466875,9.546875
42,9.606875,9.686875
43,9.763125,9.843125
44,10.070625,10.150625
45,10.193541666666667,10.273541666666667
46,10.535208333333333,10.615208333333333
47,10.998958333333334,11.078958333333334
48,11.182291666666668,11.262291666666668
49,11.301458333333334,11.381458333333335
50,11.425625,11.505625
51,11.668125,11.748125
52,11.907291666666667,11.987291666666668
53,12.162291666666667,12.242291666666667
54,12.279791666666666,12.359791666666666
55,12.381041666666667,12.461041666666667
56,12.538541666666667,12.618541666666667
57,12.769375,12.849375
58,12.907708333333334,12.987708333333334
59,13.595625,13.675625
60,13.833541666666667,13.913541666666667
61,13.978958333333333,14.058958333333333
62,14.513958333333333,14.593958333333333
63,14.651458333333334,14.731458333333334
64,14.783958333333334,14.863958333333334
65,14.952291666666667,15.032291666666667
66,15.084375,15.164375
67,15.224375,15.304375
68,15.428958333333334,15.508958333333334
69,15.649791666666667,15.729791666666667
70,15.827291666666667,15.907291666666667
71,16.186458333333334,16.266458333333333
72,16.586458333333333,16.66645833333333
73,16.760625,16.840625
74,16.908125000000002,16.988125
75,17.033958333333334,17.113958333333333
76,17.164791666666666,17.244791666666664
77,17.283958333333334,17.363958333333333
78,17.416458333333335,17.496458333333333
79,17.783125000000002,17.863125
80,17.890208333333334,17.970208333333332
81,18.261458333333334,18.341458333333332
82,18.440208333333334,18.520208333333333
83,18.716041666666666,18.796041666666664
84,18.844375,18.924374999999998
85,19.257291666666667,19.337291666666665
86,19.431458333333335,19.511458333333334
87,19.676041666666666,19.756041666666665
88,19.916875,19.996875
89,20.124791666666667,20.204791666666665
90,20.304791666666667,20.384791666666665
91,20.727291666666666,20.807291666666664
92,20.892708333333335,20.972708333333333
93,21.650208333333335,21.730208333333334
94,21.815625,21.895625
95,21.971875,22.051875
96,22.100208333333335,22.180208333333333
97,22.340208333333333,22.42020833333333
98,22.653541666666666,22.733541666666664
99,23.39229166666667,23.472291666666667
100,23.508125,23.588124999999998
101,23.761875,23.841874999999998
102,23.931458333333335,24.011458333333334
103,24.082708333333333,24.16270833333333
104,24.246875,24.326874999999998
105,24.393541666666668,24.473541666666666
106,24.524375,24.604374999999997
107,24.659791666666667,24.739791666666665
108,24.792291666666667,24.872291666666666
109,24.983541666666667,25.063541666666666
110,25.141041666666666,25.221041666666665
111,25.409375,25.489375
112,25.563541666666666,25.643541666666664
113,25.777291666666667,25.857291666666665
114,26.047291666666666,26.127291666666665
115,26.276041666666668,26.356041666666666
116,26.413125,26.493125
117,26.568958333333335,26.648958333333333
118,26.688541666666666,26.768541666666664
119,26.850625,26.930625
120,27.203541666666666,27.283541666666665
121,27.365625,27.445625
122,27.821875000000002,27.901875
123,28.04479166666667,28.124791666666667
124,28.16229166666667,28.242291666666667
125,28.26729166666667,28.347291666666667
126,28.524791666666665,28.604791666666664
127,28.701875,28.781875
128,28.91229166666667,28.992291666666667
129,29.139375,29.219375
130,29.442291666666666,29.522291666666664
131,29.851875,29.931874999999998
132,30.114375,30.194374999999997
133,30.271875,30.351875
134,30.566875,30.646874999999998
135,30.757708333333333,30.83770833333333
136,30.996458333333333,31.07645833333333
137,31.174791666666668,31.254791666666666
138,31.338541666666668,31.418541666666666
139,31.546458333333334,31.626458333333332
140,31.684375,31.764374999999998
141,31.842708333333334,31.922708333333333
142,31.998541666666664,32.078541666666666
143,32.430625,32.510625
144,32.57520833333333,32.65520833333333
145,32.72395833333333,32.80395833333333
146,32.854375,32.934374999999996
147,33.109791666666666,33.189791666666665
148,33.56104166666666,33.64104166666666
149,33.734375,33.814375
150,34.13520833333333,34.21520833333333
151,34.627291666666665,34.70729166666666
152,34.959374999999994,35.03937499999999
153,35.118541666666665,35.198541666666664
154,35.261874999999996,35.341874999999995
155,35.628125,35.708124999999995
156,35.77354166666667,35.853541666666665
157,36.001875,36.081875
158,36.165625,36.245625
159,36.31604166666666,36.39604166666666
160,36.689791666666665,36.76979166666666
161,36.86479166666666,36.94479166666666
162,37.07645833333333,37.156458333333326
163,37.34770833333333,37.42770833333333
164,37.511874999999996,37.591874999999995
165,37.74854166666666,37.82854166666666
166,38.10270833333333,38.18270833333333
167,38.923125,39.003125
168,39.054375,39.134375
169,39.18687499999999,39.26687499999999
170,39.31187499999999,39.39187499999999
171,39.916875,39.996874999999996
172,40.260625,40.340624999999996
173,40.42520833333333,40.50520833333333
174,40.55979166666666,40.63979166666666
175,40.71145833333333,40.79145833333333
176,40.976875,41.056875
177,41.34895833333333,41.42895833333333
178,41.500625,41.580625
179,41.63145833333333,41.711458333333326
180,41.862291666666664,41.94229166666666
181,42.229375,42.309374999999996
182,42.37437499999999,42.45437499999999
183,42.671458333333334,42.75145833333333
184,42.94354166666666,43.02354166666666
185,43.19395833333333,43.273958333333326
