,start,stop
0,0.610625,0.6906249999999999
1,1.0064583333333332,1.0864583333333333
2,1.2277083333333334,1.3077083333333335
3,1.3877083333333333,1.4677083333333334
4,1.7997916666666667,1.8797916666666667
5,1.9297916666666666,2.0097916666666666
6,2.103125,2.183125
7,2.351875,2.4318750000000002
8,2.4960416666666667,2.576041666666667
9,2.838125,2.918125
10,2.991458333333333,3.071458333333333
11,3.1847916666666665,3.2647916666666665
12,3.4447916666666667,3.5247916666666668
13,3.704375,3.7843750000000003
14,3.930625,4.010625
15,4.124791666666667,4.204791666666667
16,4.276875,4.3568750000000005
17,4.562708333333334,4.642708333333334
18,4.945625000000001,5.025625000000001
19,5.299791666666667,5.379791666666667
20,5.475208333333334,5.555208333333334
21,5.6156250000000005,5.695625000000001
22,6.005625,6.085625
23,6.136875000000001,6.216875000000001
24,6.355208333333334,6.435208333333334
25,6.481458333333333,6.561458333333333
26,6.643958333333334,6.723958333333334
27,6.778541666666667,6.858541666666667
28,6.9089583333333335,6.988958333333334
29,7.0652083333333335,7.145208333333334
30,7.240208333333333,7.320208333333333
31,7.4539583333333335,7.5339583333333335
32,7.570208333333333,7.6502083333333335
33,7.811875000000001,7.891875000000001
34,7.968125000000001,8.048125
35,8.576041666666667,8.656041666666667
36,8.718958333333333,8.798958333333333
37,8.875208333333333,8.955208333333333
38,9.001875,9.081875
39,9.146875,9.226875
40,9.381458333333335,9.461458333333335
41,9.602291666666668,9.682291666666668
42,10.139791666666667,10.219791666666667
43,10.261041666666667,10.341041666666667
44,10.372708333333334,10.452708333333334
45,10.497291666666667,10.577291666666667
46,10.722708333333333,10.802708333333333
47,10.925625,11.005625
48,11.101875,11.181875
49,11.286041666666668,11.366041666666668
50,11.704375,11.784375
51,11.856458333333334,11.936458333333334
52,12.093958333333333,12.173958333333333
53,12.286041666666668,12.366041666666668
54,12.504791666666668,12.584791666666668
55,12.923125,13.003125
56,13.049791666666668,13.129791666666668
57,13.195208333333333,13.275208333333333
58,13.556458333333333,13.636458333333334
59,13.937291666666667,14.017291666666667
60,14.128958333333333,14.208958333333333
61,14.548541666666667,14.628541666666667
62,14.905208333333334,14.985208333333334
63,15.065208333333334,15.145208333333334
64,15.532708333333334,15.612708333333334
65,15.680625000000001,15.760625000000001
66,15.815208333333334,15.895208333333334
67,16.086875,16.166874999999997
68,16.238541666666666,16.318541666666665
69,16.376458333333332,16.45645833333333
70,16.594791666666666,16.674791666666664
71,16.960208333333334,17.040208333333332
72,17.150625,17.230625
73,17.289375,17.369374999999998
74,17.462291666666665,17.542291666666664
75,17.653958333333335,17.733958333333334
76,17.783125000000002,17.863125
77,17.946458333333332,18.02645833333333
78,18.13104166666667,18.211041666666667
79,18.479375,18.559375
80,18.628958333333333,18.70895833333333
81,18.784375,18.864375
82,19.239375,19.319374999999997
83,19.457708333333333,19.53770833333333
84,19.622291666666666,19.702291666666664
85,19.791875,19.871875
86,19.994375,20.074375
87,20.119791666666668,20.199791666666666
88,20.342291666666668,20.422291666666666
89,20.462291666666665,20.542291666666664
90,20.860208333333333,20.94020833333333
91,21.022708333333334,21.102708333333332
92,21.266458333333333,21.34645833333333
93,21.399375,21.479374999999997
94,21.548125,21.628124999999997
95,21.682708333333334,21.762708333333332
96,21.865625,21.945625
97,21.997291666666666,22.077291666666664
98,22.170625,22.250625
99,22.92729166666667,23.007291666666667
100,23.043125,23.123124999999998
101,23.185625,23.265625
102,23.519375,23.599375
103,23.692291666666666,23.772291666666664
104,23.865625,23.945625
105,24.051875,24.131874999999997
106,24.241041666666668,24.321041666666666
107,24.420625,24.500625
108,24.626458333333332,24.70645833333333
109,24.841458333333335,24.921458333333334
110,25.397708333333334,25.477708333333332
111,25.82979166666667,25.909791666666667
112,25.946875000000002,26.026875
113,26.086875,26.166874999999997
114,26.261041666666667,26.341041666666666
115,26.51729166666667,26.597291666666667
116,26.737708333333334,26.817708333333332
117,26.968125,27.048125
118,27.118125,27.198124999999997
119,27.248958333333334,27.328958333333333
120,27.431458333333335,27.511458333333334
121,28.029375,28.109375
122,28.238958333333333,28.31895833333333
123,28.373125,28.453125
124,28.653125,28.733124999999998
125,29.056458333333335,29.136458333333334
126,29.280208333333334,29.360208333333333
127,29.452291666666667,29.532291666666666
128,29.718958333333333,29.79895833333333
129,29.823541666666667,29.903541666666666
130,30.038541666666667,30.118541666666665
131,30.181458333333335,30.261458333333334
132,30.338541666666668,30.418541666666666
133,30.580625,30.660625
134,30.94729166666667,31.027291666666667
135,31.075625,31.155624999999997
136,31.536875000000002,31.616875
137,31.691875,31.771874999999998
138,32.03729166666666,32.11729166666666
139,32.216874999999995,32.29687499999999
140,32.381874999999994,32.46187499999999
141,32.578125,32.658125
142,32.72395833333333,32.80395833333333
143,32.958124999999995,33.038124999999994
144,33.169374999999995,33.24937499999999
145,33.406875,33.486875
146,33.610625,33.690625
147,33.825624999999995,33.90562499999999
148,33.948125,34.028124999999996
149,34.15979166666666,34.23979166666666
150,34.60729166666666,34.68729166666666
151,34.78062499999999,34.86062499999999
152,34.92104166666666,35.00104166666666
153,35.03854166666666,35.11854166666666
154,35.19354166666666,35.27354166666666
155,35.471875,35.551874999999995
156,35.69979166666666,35.77979166666666
157,35.94645833333333,36.02645833333333
158,36.20104166666666,36.28104166666666
159,36.39645833333333,36.476458333333326
160,36.56520833333333,36.64520833333333
161,36.79145833333333,36.87145833333333
162,36.97770833333333,37.05770833333333
163,37.12520833333333,37.20520833333333
164,38.180625,38.260625
165,38.383125,38.463125
166,38.61354166666666,38.69354166666666
167,38.728125,38.808125
168,38.929375,39.009375
169,39.13895833333333,39.218958333333326
170,39.424375,39.504374999999996
171,39.58895833333333,39.66895833333333
172,40.01979166666666,40.09979166666666
173,40.288124999999994,40.36812499999999
174,40.50354166666666,40.58354166666666
175,40.690625,40.770624999999995
176,40.916875,40.996874999999996
177,41.09770833333333,41.17770833333333
178,41.229375,41.309374999999996
179,41.446875,41.526875
180,41.64604166666666,41.72604166666666
181,41.83645833333333,41.91645833333333
182,41.97479166666666,42.05479166666666
183,42.165625,42.245625
184,42.52020833333333,42.60020833333333
185,42.673541666666665,42.75354166666666
186,42.904374999999995,42.98437499999999
187,43.138124999999995,43.21812499999999
188,43.660624999999996,43.740624999999994
189,43.798541666666665,43.87854166666666
190,44.18729166666667,44.267291666666665
191,44.33354166666666,44.41354166666666
192,44.602291666666666,44.682291666666664
193,44.877291666666665,44.95729166666666
194,45.15145833333333,45.23145833333333
195,45.30020833333333,45.38020833333333
196,45.767291666666665,45.84729166666666
197,45.93145833333333,46.01145833333333
198,46.09395833333333,46.17395833333333
199,46.329375,46.409375
200,46.50895833333333,46.58895833333333
201,46.62270833333333,46.70270833333333
202,46.825624999999995,46.90562499999999
203,47.28854166666666,47.36854166666666
204,47.49104166666666,47.57104166666666
205,47.69145833333333,47.77145833333333
206,47.869375,47.949374999999996
207,48.224374999999995,48.30437499999999
208,48.36145833333333,48.44145833333333
209,48.516875,48.596875
210,48.813125,48.893125
211,48.98229166666666,49.06229166666666
212,49.109375,49.189375
213,49.45979166666666,49.53979166666666
214,49.61395833333333,49.69395833333333
215,49.81770833333333,49.89770833333333
216,50.00354166666666,50.08354166666666
217,50.15395833333333,50.23395833333333
218,50.28604166666666,50.36604166666666
219,50.453541666666666,50.533541666666665
220,50.72604166666666,50.80604166666666
221,51.03895833333333,51.11895833333333
